emission_gene=
0.3835 0.1464 0.1982 0.2719
0.426 0.1412 0.1859 0.2468
0.375 0.2009 0.165 0.2591
0.2368 0.1522 0.2287 0.3823
0.4077 0.1294 0.1796 0.2833
0.4695 0.0959 0.1637 0.2709
0.3449 0.1717 0.1488 0.3346
0.3104 0.0992 0.2502 0.3402
0.4139 0.1347 0.1124 0.3389
0.4252 0.1126 0.1833 0.279
0.2789 0.1786 0.1233 0.4192
0.3095 0.1296 0.2155 0.3454
0.3141 0.1623 0.165 0.3586
0.4661 0.1323 0.1923 0.2093
0.3673 0.1801 0.2286 0.2241
0.3594 0.1298 0.2063 0.3045
emission_intergene=
0.4052 0.1301 0.1278 0.3368
0.4003 0.138 0.1294 0.3324
0.3078 0.1711 0.173 0.3481
0.347 0.1199 0.1591 0.374
0.368 0.1597 0.1049 0.3675
0.3071 0.2018 0.0941 0.397
0.3399 0.2029 0.1088 0.3483
0.3197 0.1658 0.1235 0.391
0.3709 0.135 0.1642 0.3298
0.3627 0.1474 0.1452 0.3447
0.3298 0.1647 0.2022 0.3032
0.3126 0.1352 0.1774 0.3748
0.3817 0.1298 0.1204 0.368
0.4247 0.1528 0.1253 0.2971
0.3646 0.1559 0.1195 0.36
0.3296 0.124 0.143 0.4033
emission_start=
0 0 0 0
0 0 0 0
0 0 0 0
0.0 0.0 1.0 0.0
0 0 0 0
0 0 0 0
0 0 0 0
0 0 0 0
0 0 0 0
0 0 0 0
0 0 0 0
0 0 0 0
0 0 0 0
0 0 0 0
0 0 0 0
0 0 0 0
emission_stop=
0 0 0 0
0 0 0 0
0 0 0 0
0 0 0 0
0 0 0 0
0 0 0 0
0 0 0 0
0 0 0 0
0 0 0 0
0 0 0 0
0 0 0 0
0 0 0 0
0.0 0.0 1.0 0.0
0 0 0 0
0 0 0 0
0 0 0 0
